"","V1","V2","V3","V4","V5","V6","V7","V8","V9","V10"
"1",1,0.710775766239476,0.290686416894535,0.0330252711205965,0.270797441877849,0.0194263318984258,0.0149618483615269,0.121231383489116,0.0277602128742794,-0.100442109083492
"2",0.710775766239476,1,0.251258106581758,0.0370156621122877,0.277089900530869,0.0693560376040655,0.0283556716001683,0.0333810489650952,-0.0282011377586988,0.0282117335333525
"3",0.290686416894535,0.251258106581758,1,0.30400351947091,0.394524458540988,0.214825242097196,0.521514046276197,0.208541602990606,0.204413481284161,0.105648815535379
"4",0.0330252711205965,0.0370156621122877,0.30400351947091,1,0.0819812215106967,0.570901685539739,0.0537186329914523,0.0933368225673201,0.206637774684496,0.218349284524234
"5",0.270797441877849,0.277089900530869,0.394524458540988,0.0819812215106967,1,0.195613490793876,0.138387725986087,0.283972716566867,0.163310715632347,0.267394651719692
"6",0.0194263318984258,0.0693560376040655,0.214825242097196,0.570901685539739,0.195613490793876,1,-0.019253808253581,0.576650300948515,0.0852924908821205,0.351565788880418
"7",0.0149618483615269,0.0283556716001683,0.521514046276197,0.0537186329914523,0.138387725986087,-0.019253808253581,1,0.053378904403371,0.00894025520880773,0.257432116582166
"8",0.121231383489116,0.0333810489650952,0.208541602990606,0.0933368225673201,0.283972716566867,0.576650300948515,0.053378904403371,1,0.320426955800364,0.0824292159312458
"9",0.0277602128742794,-0.0282011377586988,0.204413481284161,0.206637774684496,0.163310715632347,0.0852924908821205,0.00894025520880773,0.320426955800364,1,-0.377298116978891
"10",-0.100442109083492,0.0282117335333525,0.105648815535379,0.218349284524234,0.267394651719692,0.351565788880418,0.257432116582166,0.0824292159312458,-0.377298116978891,1
